113667281002214225
113667459519244544
114545892813068498
114550305394053015
114556401535348313
114573005995694680
114584855720355892
114600936718520372
114606769582857046
114611768708184175
114618473677694301
114623820293284298
114629842058448119
114635221853062454
114658726594933395
114663599190570395
114669334251141174
114674923588128559
114691782651088597
114697642092211474
114710109344141459
114715785929761972
114731475255410988
114748482077172097
114754518632012480
114771082006844631
114776832571027618
114782700539340326
114788278114378875
114812166113613377
114816786836736040
114823531154384369
114827645185448224
114850389356673130
114980359479311999
114986213475696548
114991974361745422
115016549897778350
115021969729733421
115025535193319606
115032087612846572
115032190723015133
115047948775277368
115054570728027141
115061399584325638
115064971230187209
115071247493189919
115088154755010165
115095836068972901
115099443130286999
115114274588524270
115128243121764853
115132962518662116
115139611674941889
115179113138417200
115190035839444683
115218817138427511
115218897129957361
115219769116066397
115570080500376928
